  #     Given Class                Predicted Class
--------------------------------------------------
  1               2  ------------  2
  2               2  ------------  2
  3               1  ------------  1
  4               1  ------------  1
  5               2  ------------  2
  6               2  ------------  2
  7               1  ------------  1
  8               1  ------------  1
  9               2  ------------  2
 10               2  ------------  2
 11               1  ------------  1
 12               1  ------------  1
 13               2  ------------  2
 14               2  ------------  2
 15               1  ------------  1
 16               1  ------------  1
 17               2  ------------  2
 18               2  ------------  2
 19               1  ------------  1
 20               1  ------------  1
 21               2  ------------  2
 22               2  ------------  2
 23               1  ------------  1
 24               1  ------------  1
 25               2  ------------  2
 26               2  ------------  2
 27               1  ------------  1
 28               1  ------------  1
 29               2  ------------  2
 30               2  ------------  2
 31               1  ------------  1
 32               1  ------------  1
 33               2  ------------  2
 34               2  ------------  2
 35               1  ------------  1
 36               1  ------------  1
 37               2  ------------  2
 38               2  ------------  2
 39               1  ------------  1
 40               1  ------------  1
 41               2  ------------  2
 42               2  ------------  2
 43               1  ------------  1
 44               1  ------------  1
 45               2  ------------  2
 46               2  ------------  2
 47               1  ------------  1
 48               1  ------------  1
 49               2  ------------  2
 50               2  ------------  2
 51               1  ------------  1
 52               1  ------------  1
 53               2  ------------  2
 54               2  ------------  2
 55               1  ------------  1
 56               1  ------------  1
 57               2  ------------  2
 58               2  ------------  2
 59               1  ------------  1
 60               1  ------------  1
 61               2  ------------  2
 62               2  ------------  2
 63               1  ------------  1
 64               1  ------------  1
 65               2  ------------  2
 66               2  ------------  2
 67               1  ------------  1
 68               1  ------------  1
 69               2  ------------  2
 70               2  ------------  2
 71               1  ------------  1
 72               1  ------------  1
 73               2  ------------  2
 74               2  ------------  2
 75               1  ------------  1
 76               1  ------------  1
 77               2  ------------  2
 78               2  ------------  2
 79               1  ------------  1
 80               1  ------------  1
 81               2  ------------  2
 82               2  ------------  2
 83               1  ------------  1
 84               1  ------------  1
 85               2  ------------  2
 86               2  ------------  2
 87               1  ------------  1
 88               1  ------------  1
 89               2  ------------  2
 90               2  ------------  2
 91               1  ------------  1
 92               1  ------------  1
 93               2  ------------  2
 94               2  ------------  2
 95               1  ------------  1
 96               1  ------------  1
 97               2  ------------  2
 98               2  ------------  2
 99               1  ------------  1
100               1  ------------  1
101               2  ------------  2
102               2  ------------  2
103               1  ------------  1
104               1  ------------  1
105               2  ------------  2
106               2  ------------  2
107               1  ------------  1
108               1  ------------  1
109               2  ------------  2
110               2  ------------  2
111               1  ------------  1
112               1  ------------  1
113               2  ------------  2
114               2  ------------  2
115               1  ------------  1
116               1  ------------  1
117               2  ------------  2
118               2  ------------  2
119               1  ------------  1
120               1  ------------  1
121               2  ------------  2
122               2  ------------  2
123               1  ------------  1
124               1  ------------  1
125               2  ------------  2
126               2  ------------  2
127               1  ------------  1
128               1  ------------  1
129               2  ------------  2
130               2  ------------  2
131               1  ------------  1
132               1  ------------  1
133               2  ------------  2
134               2  ------------  2
135               1  ------------  1
136               1  ------------  1
137               2  ------------  2
138               2  ------------  2
139               1  ------------  1
140               1  ------------  1
141               2  ------------  2
142               2  ------------  2
143               1  ------------  1
144               1  ------------  1
145               2  ------------  2
146               2  ------------  2
147               1  ------------  1
148               1  ------------  1
149               2  ------------  2
150               2  ------------  2
151               1  ------------  1
152               1  ------------  1
153               2  ------------  2
154               2  ------------  2
155               1  ------------  1
156               1  ------------  1
157               2  ------------  2
158               2  ------------  2
159               1  ------------  1
160               1  ------------  1
161               2  ------------  2
162               2  ------------  2
163               1  ------------  1
164               1  ------------  1
165               2  ------------  2
166               2  ------------  2
167               1  ------------  1
168               1  ------------  1
169               2  ------------  2
170               2  ------------  2
171               1  ------------  1
172               1  ------------  1
173               2  ------------  2
174               2  ------------  2
175               1  ------------  1
176               1  ------------  1
177               2  ------------  2
178               2  ------------  2
179               1  ------------  1
180               1  ------------  1
181               2  ------------  2
182               2  ------------  2
183               1  ------------  1
184               1  ------------  1
185               2  ------------  2
186               2  ------------  2
187               1  ------------  1
188               1  ------------  1
189               2  ------------  2
190               2  ------------  2
191               1  ------------  1
192               1  ------------  1
193               2  ------------  2
194               2  ------------  2
195               1  ------------  1
196               1  ------------  1
197               2  ------------  2
198               2  ------------  2
199               1  ------------  1
200               1  ------------  1
201               2  ------------  2
202               2  ------------  2
203               1  ------------  1
204               1  ------------  1
205               2  ------------  2
206               2  ------------  2
207               1  ------------  1
208               1  ------------  1
209               2  ------------  2
210               2  ------------  2
211               1  ------------  1
212               1  ------------  1
213               2  ------------  2
214               2  ------------  2
215               1  ------------  1
216               1  ------------  1
217               2  ------------  2
218               2  ------------  2
219               1  ------------  1
220               1  ------------  1
221               2  ------------  2
222               2  ------------  2
223               1  ------------  1
224               1  ------------  1
225               2  ------------  2
226               2  ------------  2
227               1  ------------  1
228               1  ------------  1
229               2  ------------  2
230               2  ------------  2
231               1  ------------  1
232               1  ------------  1
233               2  ------------  2
234               2  ------------  2
235               1  ------------  1
236               1  ------------  1
237               2  ------------  2
238               2  ------------  2
239               1  ------------  1
240               1  ------------  1
241               2  ------------  2
242               2  ------------  2
243               1  ------------  1
244               1  ------------  1
245               2  ------------  2
246               2  ------------  2
247               1  ------------  1
248               1  ------------  1
249               2  ------------  2
250               2  ------------  2
251               1  ------------  1
252               1  ------------  1
253               2  ------------  2
254               2  ------------  2
255               1  ------------  1
256               1  ------------  1
257               2  ------------  2
258               2  ------------  2
259               1  ------------  1
260               1  ------------  1
261               2  ------------  2
262               2  ------------  2
263               1  ------------  1
264               1  ------------  1
265               2  ------------  2
266               2  ------------  2
267               1  ------------  1
268               1  ------------  1
269               2  ------------  2
270               2  ------------  2
271               1  ------------  1
272               1  ------------  1
273               2  ------------  2
274               2  ------------  2
275               1  ------------  1
276               1  ------------  1
277               2  ------------  2
278               2  ------------  2
279               1  ------------  1
280               1  ------------  1
281               2  ------------  2
282               2  ------------  2
283               1  ------------  1
284               1  ------------  1
285               2  ------------  2
286               2  ------------  2
287               1  ------------  1
288               1  ------------  1
289               2  ------------  2
290               2  ------------  2
291               1  ------------  1
292               1  ------------  1
293               2  ------------  2
294               2  ------------  2
295               1  ------------  1
296               1  ------------  1
297               2  ------------  2
298               2  ------------  2
299               1  ------------  1
300               1  ------------  1
--------------------------------------------------
Total number of instances in test data = 300
Number of correctly predicted instances = 300
